SPAWN
560 5420

PLATE
0 60 130 130
1080 80 130 130
0 200 130 130
520 240 130 130
520 380 130 130
520 520 130 130
0 660 130 130
380 660 130 130
520 660 130 130
800 660 130 130
940 660 130 130
1080 660 130 130
0 800 130 130
0 940 130 130
560 1040 130 130
700 1040 130 130
840 1040 130 130
560 1180 130 130
560 1320 130 130
280 1460 130 130
420 1460 130 130
560 1460 130 130
560 1600 130 130
700 1600 130 130
0 1780 130 130
1080 1780 130 130
0 1920 130 130
140 1920 130 130
280 1920 130 130
1080 1920 130 130
1080 2060 130 130
360 2220 130 130
360 2360 130 130
360 2780 130 130
1080 2780 130 130
0 2920 130 130
360 2920 130 130
500 2920 130 130
800 2920 130 130
940 2920 130 130
1080 2920 130 130
0 3240 130 130
700 3340 130 130
0 3380 130 130
700 3480 130 130
700 3620 130 130
840 3620 130 130
0 3700 130 130
0 3840 130 130
0 3980 130 130
400 4240 130 130
540 4240 130 130
680 4240 130 130
1080 4240 130 130
1080 4380 130 130
0 4440 130 130
0 4580 130 130
800 4660 130 130
800 4800 130 130
660 4940 130 130
800 4940 130 130
0 5080 130 130
0 5220 130 130
800 5220 130 130
0 5360 130 130
140 5360 130 130
280 5360 130 130
800 5360 130 130
940 5360 130 130
1080 5360 130 130

KNIFE
660 300 320 38 1
0 340 320 38 1
900 840 320 38 0
0 1220 320 38 1
900 1360 320 38 0
760 1920 320 38 0
0 2060 320 38 1
500 2400 320 38 1
380 3360 320 38 0
140 3720 320 38 1
900 4000 320 38 0
140 4620 320 38 1
480 4880 320 38 0
140 5180 320 38 1

SOY
380 100 130 130
1080 440 130 130
140 940 130 130
700 1180 130 130
420 1600 130 130
1080 2340 130 130
220 2640 130 130
1080 3620 130 130
400 4100 130 130
520 4940 130 130
1080 4940 130 130

FINISH
0 0 1200 20